
 MEAN = 1.#QNAN0
 RMS = 0.000000
 AMPLITUDE = 0.000000